Location	MC.Top	Location	MC.Left	Location	MC.Bottom	Location	MC.Right	Location	TL.Top	Location	TL.Left	Location	TL.Bottom	Location	TL.Right	Location	TR.Top	Location	TR.Left	Location	TR.Bottom	Location	TR.Right	Location	BR.Top	Location	BR.Left	Location	BR.Bottom	Location	BR.Right	Location	BL.Top	Location	BL.Left	Location	BL.Bottom	Location	BL.Right
ROI	0:0:0:0	ROI	0:0:0:0	ROI	0:0:0:0	ROI	0:0:0:0	ROI	0:0:0:0	ROI	0:0:0:0	ROI	0:0:0:0	ROI	0:0:0:0	ROI	3441:585:3481:625	ROI	3420:618:3460:658	ROI	3457:642:3497:682	ROI	3479:609:3519:649	ROI	3146:1852:3186:1892	ROI	3111:1877:3151:1917	ROI	3136:1911:3176:1951	ROI	3171:1886:3211:1926	ROI	0:0:0:0	ROI	0:0:0:0	ROI	0:0:0:0	ROI	0:0:0:0
																Spatial Frequency [lp/mm]	MTF	Spatial Frequency [lp/mm]	MTF	Spatial Frequency [lp/mm]	MTF	Spatial Frequency [lp/mm]	MTF	Spatial Frequency [lp/mm]	MTF	Spatial Frequency [lp/mm]	MTF	Spatial Frequency [lp/mm]	MTF	Spatial Frequency [lp/mm]	MTF								
																0.000000	1.000000	0.000000	1.000000	0.000000	1.000000	0.000000	1.000000	0.000000	1.000000	0.000000	1.000000	0.000000	1.000000	0.000000	1.000000								
																12.333333	0.844900	12.000000	0.886300	12.285714	0.842400	11.952381	0.893300	12.047619	0.796400	12.047619	0.785900	11.904762	0.811100	11.952381	0.792700								
																24.714286	0.497900	24.000000	0.591700	24.571429	0.486900	23.904762	0.608800	24.142857	0.410100	24.095238	0.339500	23.809524	0.442600	23.904762	0.366400								
																37.047619	0.215800	36.000000	0.249800	36.809524	0.205800	35.904762	0.273600	36.190476	0.183700	36.142857	0.140300	35.714286	0.205100	35.857143	0.157200								
																49.380952	0.145400	48.000000	0.084800	49.095238	0.135700	47.857143	0.079700	48.238095	0.110100	48.142857	0.167600	47.619048	0.116400	47.809524	0.188100								
																61.714286	0.086300	60.000000	0.199300	61.380952	0.080600	59.809524	0.193600	60.285714	0.070500	60.190476	0.090600	59.523810	0.085700	59.809524	0.123900								
																74.095238	0.032100	72.000000	0.202500	73.666667	0.020700	71.761905	0.225100	72.380952	0.057800	72.238095	0.069600	71.428571	0.080700	71.761905	0.086700								
																86.428571	0.058900	84.047619	0.124900	85.952381	0.059900	83.761905	0.165600	84.428571	0.043600	84.285714	0.062900	83.333333	0.069000	83.714286	0.078900								
																98.761905	0.054900	96.047619	0.051800	98.238095	0.058400	95.714286	0.094000	96.476190	0.033000	96.333333	0.045300	95.238095	0.045900	95.666667	0.063400								
																111.142857	0.042800	108.047619	0.065400	110.476190	0.051500	107.666667	0.070900	108.571429	0.025200	108.380952	0.026600	107.142857	0.026400	107.619048	0.037000								
																123.476190	0.042100	120.047619	0.085500	122.761905	0.042700	119.619048	0.102700	120.619048	0.028000	120.380952	0.012200	119.095238	0.031100	119.571429	0.016400								
																135.809524	0.053900	132.047619	0.074000	135.047619	0.025400	131.619048	0.101000	132.666667	0.020600	132.428571	0.014600	131.000000	0.024500	131.523810	0.031600								
																148.142857	0.031800	144.047619	0.046300	147.333333	0.019400	143.571429	0.059800	144.761905	0.013500	144.476190	0.027600	142.904762	0.001600	143.476190	0.032400								
																160.523810	0.011500	156.047619	0.043200	159.619048	0.021800	155.523810	0.033700	156.809524	0.016600	156.523810	0.023300	154.809524	0.021700	155.476190	0.037700								
																172.857143	0.011400	168.047619	0.047400	171.857143	0.025200	167.476190	0.035600	168.857143	0.020600	168.571429	0.015300	166.714286	0.019700	167.428571	0.026200								
																185.190476	0.022900	180.047619	0.043500	184.142857	0.023700	179.428571	0.052500	180.904762	0.022900	180.619048	0.018500	178.619048	0.013200	179.380952	0.012000								
																197.571429	0.037800	192.047619	0.027900	196.428571	0.012600	191.428571	0.045400	193.000000	0.009800	192.666667	0.020900	190.523810	0.010300	191.333333	0.018500								
																209.904762	0.042300	204.047619	0.022600	208.714286	0.012200	203.380952	0.032600	205.047619	0.007800	204.666667	0.018800	202.428571	0.003600	203.285714	0.009700								
																222.238095	0.036800	216.047619	0.028600	221.000000	0.007800	215.333333	0.012600	217.095238	0.019200	216.714286	0.004200	214.333333	0.014700	215.238095	0.018400								
																234.571429	0.019800	228.095238	0.027500	233.285714	0.007000	227.285714	0.003200	229.190476	0.040000	228.761905	0.008300	226.238095	0.021000	227.190476	0.028600								
																246.952381	0.009700	240.095238	0.016000	245.523810	0.013400	239.285714	0.011300	241.238095	0.016500	240.809524	0.024000	238.142857	0.013700	239.142857	0.023600								
																259.285714	0.010000	252.095238	0.024700	257.809524	0.014000	251.238095	0.025600	253.285714	0.015100	252.857143	0.013800	250.047619	0.015600	251.095238	0.026000								
																271.619048	0.005900	264.095238	0.030300	270.095238	0.021400	263.190476	0.037600	265.380952	0.007000	264.904762	0.008200	261.952381	0.018300	263.095238	0.013100								
																283.952381	0.011300	276.095238	0.025900	282.380952	0.019600	275.142857	0.025100	277.428571	0.008900	276.952381	0.004600	273.857143	0.026000	275.047619	0.014300								
																296.333333	0.008100	288.095238	0.025800	294.666667	0.035400	287.142857	0.006200	289.476190	0.019300	288.952381	0.007100	285.761905	0.029700	287.000000	0.020600								
																308.666667	0.006900	300.095238	0.019900	306.904762	0.023900	299.095238	0.012400	301.523810	0.039700	301.000000	0.005900	297.666667	0.016100	298.952381	0.017300								
																321.000000	0.011300	312.095238	0.013100	319.190476	0.010200	311.047619	0.013700	313.619048	0.011500	313.047619	0.011500	309.571429	0.018900	310.904762	0.026300								
																333.380952	0.028400	324.095238	0.002700	331.476190	0.015000	323.000000	0.029500	325.666667	0.035800	325.095238	0.034500	321.476190	0.022100	322.857143	0.032900								
																345.714286	0.033100	336.095238	0.003100	343.761905	0.011800	335.000000	0.012600	337.714286	0.025700	337.142857	0.038100	333.380952	0.014700	334.809524	0.029400								
																358.047619	0.018000	348.095238	0.031500	356.047619	0.014300	346.952381	0.034900	349.809524	0.024900	349.190476	0.028400	345.285714	0.015600	346.761905	0.022600								
																370.380952	0.002200	360.095238	0.049100	368.285714	0.014800	358.904762	0.048700	361.857143	0.053600	361.190476	0.029700	357.238095	0.011400	358.714286	0.014600								
																382.761905	0.024100	372.095238	0.054500	380.571429	0.023800	370.857143	0.047600	373.904762	0.080700	373.238095	0.054100	369.142857	0.008300	370.714286	0.029500								
																395.095238	0.041300	384.142857	0.053600	392.857143	0.018400	382.809524	0.002000	386.000000	0.089400	385.285714	0.032700	381.047619	0.019900	382.666667	0.005000								
																407.428571	0.035200	396.142857	0.047400	405.142857	0.024100	394.809524	0.032700	398.047619	0.061800	397.333333	0.055900	392.952381	0.050700	394.619048	0.013900								
																419.809524	0.007700	408.142857	0.030400	417.428571	0.021000	406.761905	0.029200	410.095238	0.045100	409.380952	0.046700	404.857143	0.035200	406.571429	0.033200								
																432.142857	0.009600	420.142857	0.036100	429.714286	0.009100	418.714286	0.063600	422.142857	0.068400	421.428571	0.029700	416.761905	0.057400	418.523810	0.014700								
																444.476190	0.021700	432.142857	0.046300	441.952381	0.025500	430.666667	0.084400	434.238095	0.084900	433.476190	0.042800	428.666667	0.128500	430.476190	0.006800								
																456.809524	0.043700	444.142857	0.045000	454.238095	0.030700	442.666667	0.122100	446.285714	0.047100	445.476190	0.053300	440.571429	0.154800	442.428571	0.046300								
																469.190476	0.058900	456.142857	0.040000	466.523810	0.039600	454.619048	0.092400	458.333333	0.071600	457.523810	0.095500	452.476190	0.064000	454.380952	0.019400								
																481.523810	0.069400	468.142857	0.010900	478.809524	0.065500	466.571429	0.121800	470.428571	0.061800	469.571429	0.161300	464.380952	0.192200	466.380952	0.202600								
																493.857143	0.057900	480.142857	0.026500	491.095238	0.085100	478.523810	0.184300	482.476190	0.033800	481.619048	0.106000	476.285714	0.324100	478.333333	0.456200								
